"n"	"phi"	"mle"	"se_mle"	"bias"
"100"	-0,9	-0,892067924580988	0,0294509230477511	-0,00793207541901182
"100"	-0,5	-0,478696905026396	0,126005966401504	-0,0213030949736039
"100"	-0,1	-0,081101331025795	0,209721465283278	-0,018898668974205
"100"	0,1	0,0622189033517569	0,210782732725997	0,0377810966482431
"100"	0,5	0,472519342299847	0,126322719319584	0,0274806577001529
"100"	0,9	0,892484456945776	0,0293374092574492	0,0075155430542244
"500"	-0,9	-0,898487236237466	0,0127324021369479	-0,0015127637625339
"500"	-0,5	-0,494561769324112	0,0523460206044177	-0,00543823067588788
"500"	-0,1	-0,100516119672374	0,110061951275267	0,000516119672373576
"500"	0,1	0,0907943169860128	0,111436022313733	0,00920568301398716
"500"	0,5	0,494982362122598	0,0522040990401243	0,00501763787740175
"500"	0,9	0,898953982969712	0,0127047832421426	0,00104601703028825
"1500"	-0,9	-0,899611340818014	0,00731422175668178	-0,000388659181986543
"1500"	-0,5	-0,497975294248298	0,0296891512400818	-0,00202470575170152
"1500"	-0,1	-0,0977962420043011	0,0658141239310221	-0,00220375799569895
"1500"	0,1	0,0957689040197221	0,0665781516307482	0,00423109598027788
"1500"	0,5	0,499706666797994	0,0295599266726062	0,000293333202005606
"1500"	0,9	0,89952231978096	0,00731667753272804	0,000477680219040314
